123829930
123829917
123829906
124577254
124577252
123829912
124605476
125737720
124605489
124605497
125325817
125325881
125325798
125954656
125954718
125954684
128755960
128755972
124902546
120609402
120609533
120609538
128756153
127619877
127619828
127619899
129271024
127619890
127619947
129431536
127619927
127619894
129814057
127620085
130404592
127619977
127620115
134957558
138192121
134679898
138192132
134679899
138192138
134679901
138192141
134679902
136292474
138097443
138260492
138260503
138779954
138807887
138384636
139143494
138384497
138384525
138384526
138384531
138384534
138384540
138384542
140496836
140496837
139529666
139529534
141389177
141389178
141183449
141633718
141633724
141790642
141790748
142560865
142631397
142968182
138384833
143030534
143273108
143402170
144068330
143518142
143518146
143981327
144130855
